{
  "nbformat": 4,
  "nbformat_minor": 0,
  "metadata": {
    "colab": {
      "provenance": []
    },
    "kernelspec": {
      "name": "python3",
      "display_name": "Python 3"
    },
    "language_info": {
      "name": "python"
    }
  },
  "cells": [
    {
      "cell_type": "code",
      "source": [
        "import nltk\n",
        "from nltk.corpus import stopwords\n",
        "from nltk.tokenize import word_tokenize, sent_tokenize\n",
        "from sklearn.feature_extraction.text import TfidfVectorizer\n",
        "from sklearn.metrics.pairwise import cosine_similarity\n",
        "\n",
        "def preprocess_text(text):\n",
        "    words = word_tokenize(text)\n",
        "\n",
        "    print(\"Tokenized Words:\")\n",
        "    print(words)\n",
        "\n",
        "    stop_words = set(stopwords.words(\"english\"))\n",
        "    filtered_words = [word for word in words if word.lower() not in stop_words]\n",
        "\n",
        "    sentences = sent_tokenize(text)\n",
        "    print(\"\\nTokenized Sentences:\")\n",
        "    print(sentences)\n",
        "\n",
        "    return filtered_words, sentences\n",
        "\n",
        "def vectorize_text(sentences):\n",
        "    vectorizer = TfidfVectorizer()\n",
        "    vectors = vectorizer.fit_transform(sentences)\n",
        "    print(\"\\nStop Words Vectorization:\")\n",
        "    print(vectorizer.get_feature_names_out())\n",
        "\n",
        "    return vectors\n",
        "\n",
        "def calculate_similarity(vectors):\n",
        "    # Calculate pairwise cosine similarity\n",
        "    similarity_matrix = cosine_similarity(vectors, vectors)\n",
        "\n",
        "    # Print cosine similarities\n",
        "    print(\"\\nCosine Similarities:\")\n",
        "    print(similarity_matrix)\n",
        "\n",
        "    return similarity_matrix\n",
        "\n",
        "def generate_summary(text, num_sentences):\n",
        "    filtered_words, sentences = preprocess_text(text)\n",
        "    vectors = vectorize_text(sentences)\n",
        "\n",
        "    # here i am going to calculating the  similarity matrix\n",
        "    similarity_matrix = calculate_similarity(vectors)\n",
        "    sentence_scores = [sum(similarity_matrix[i]) for i in range(len(similarity_matrix))]\n",
        "    ranked_sentences = sorted(((score, i) for i, score in enumerate(sentence_scores)), reverse=True)\n",
        "\n",
        "    summary = \"\"\n",
        "    for i in range(num_sentences):\n",
        "        summary += sentences[ranked_sentences[i][1]] + \"\\n\"\n",
        "\n",
        "    return summary\n"
      ],
      "metadata": {
        "id": "oW7uN4ieyTI6"
      },
      "execution_count": null,
      "outputs": []
    },
    {
      "cell_type": "code",
      "source": [
        "text = \"\"\"\n",
        "Vamsi Teja, a young man with a zest for life, embarked on a journey filled with twists and turns, shaping his destiny in unforeseen ways. Born and raised in a small town, he harbored dreams larger than life itself. His childhood was a blend of mischief and curiosity, where every obstacle was an opportunity to learn and grow.\n",
        "\n",
        "As he grew older, Vamsi discovered his passion for technology. With an insatiable hunger for knowledge, he delved deep into the world of computers, spending countless hours experimenting with code and algorithms. Despite facing financial challenges, he remained undeterred, fueled by his determination to succeed.\n",
        "\n",
        "Driven by his ambitions, Vamsi pursued higher education in a prestigious university, where he encountered a diverse range of experiences and personalities. Along the way, he formed lifelong friendships and mentors who would shape his future. Despite the academic rigor, Vamsi excelled, emerging as a top performer in his field.\n",
        "\n",
        "After graduating, Vamsi ventured into the corporate world, where he faced the harsh realities of competition and uncertainty. Yet, his resilience and adaptability became his greatest assets. With each setback, he emerged stronger, leveraging his skills to overcome challenges and seize opportunities.\n",
        "\n",
        "Amidst his professional pursuits, Vamsi found love in the most unexpected places. His relationship blossomed into a source of strength and support, grounding him amidst the chaos of life's uncertainties. Together, they weathered storms and celebrated victories, weaving a tapestry of shared dreams and aspirations.\n",
        "\n",
        "As the years passed, Vamsi's journey took him to new heights, both personally and professionally. He found fulfillment in making a difference in the lives of others, whether through his work or acts of kindness. Through perseverance and determination, he transformed his dreams into reality, leaving an indelible mark on the world around him.\n",
        "\n",
        "Today, Vamsi Teja stands as a testament to the power of resilience, passion, and perseverance. His life is a story of triumph over adversity, of chasing dreams against all odds. And as he continues to chart his course forward, one thing remains certain – the best is yet to come.\n",
        "\"\"\""
      ],
      "metadata": {
        "id": "A7L6OVp9yyIw"
      },
      "execution_count": null,
      "outputs": []
    },
    {
      "cell_type": "code",
      "source": [
        "# here i am generating the  summary of the above text\n",
        "summary = generate_summary(text, num_sentences=2)\n",
        "print(\"\\nSummary:\")\n",
        "print(summary)\n"
      ],
      "metadata": {
        "colab": {
          "base_uri": "https://localhost:8080/"
        },
        "id": "5UekhFfPyzSP",
        "outputId": "76565f0e-21bd-4cdf-eb41-bee1eae377e5"
      },
      "execution_count": null,
      "outputs": [
        {
          "output_type": "stream",
          "name": "stdout",
          "text": [
            "Tokenized Words:\n",
            "['Vamsi', 'Teja', ',', 'a', 'young', 'man', 'with', 'a', 'zest', 'for', 'life', ',', 'embarked', 'on', 'a', 'journey', 'filled', 'with', 'twists', 'and', 'turns', ',', 'shaping', 'his', 'destiny', 'in', 'unforeseen', 'ways', '.', 'Born', 'and', 'raised', 'in', 'a', 'small', 'town', ',', 'he', 'harbored', 'dreams', 'larger', 'than', 'life', 'itself', '.', 'His', 'childhood', 'was', 'a', 'blend', 'of', 'mischief', 'and', 'curiosity', ',', 'where', 'every', 'obstacle', 'was', 'an', 'opportunity', 'to', 'learn', 'and', 'grow', '.', 'As', 'he', 'grew', 'older', ',', 'Vamsi', 'discovered', 'his', 'passion', 'for', 'technology', '.', 'With', 'an', 'insatiable', 'hunger', 'for', 'knowledge', ',', 'he', 'delved', 'deep', 'into', 'the', 'world', 'of', 'computers', ',', 'spending', 'countless', 'hours', 'experimenting', 'with', 'code', 'and', 'algorithms', '.', 'Despite', 'facing', 'financial', 'challenges', ',', 'he', 'remained', 'undeterred', ',', 'fueled', 'by', 'his', 'determination', 'to', 'succeed', '.', 'Driven', 'by', 'his', 'ambitions', ',', 'Vamsi', 'pursued', 'higher', 'education', 'in', 'a', 'prestigious', 'university', ',', 'where', 'he', 'encountered', 'a', 'diverse', 'range', 'of', 'experiences', 'and', 'personalities', '.', 'Along', 'the', 'way', ',', 'he', 'formed', 'lifelong', 'friendships', 'and', 'mentors', 'who', 'would', 'shape', 'his', 'future', '.', 'Despite', 'the', 'academic', 'rigor', ',', 'Vamsi', 'excelled', ',', 'emerging', 'as', 'a', 'top', 'performer', 'in', 'his', 'field', '.', 'After', 'graduating', ',', 'Vamsi', 'ventured', 'into', 'the', 'corporate', 'world', ',', 'where', 'he', 'faced', 'the', 'harsh', 'realities', 'of', 'competition', 'and', 'uncertainty', '.', 'Yet', ',', 'his', 'resilience', 'and', 'adaptability', 'became', 'his', 'greatest', 'assets', '.', 'With', 'each', 'setback', ',', 'he', 'emerged', 'stronger', ',', 'leveraging', 'his', 'skills', 'to', 'overcome', 'challenges', 'and', 'seize', 'opportunities', '.', 'Amidst', 'his', 'professional', 'pursuits', ',', 'Vamsi', 'found', 'love', 'in', 'the', 'most', 'unexpected', 'places', '.', 'His', 'relationship', 'blossomed', 'into', 'a', 'source', 'of', 'strength', 'and', 'support', ',', 'grounding', 'him', 'amidst', 'the', 'chaos', 'of', 'life', \"'s\", 'uncertainties', '.', 'Together', ',', 'they', 'weathered', 'storms', 'and', 'celebrated', 'victories', ',', 'weaving', 'a', 'tapestry', 'of', 'shared', 'dreams', 'and', 'aspirations', '.', 'As', 'the', 'years', 'passed', ',', 'Vamsi', \"'s\", 'journey', 'took', 'him', 'to', 'new', 'heights', ',', 'both', 'personally', 'and', 'professionally', '.', 'He', 'found', 'fulfillment', 'in', 'making', 'a', 'difference', 'in', 'the', 'lives', 'of', 'others', ',', 'whether', 'through', 'his', 'work', 'or', 'acts', 'of', 'kindness', '.', 'Through', 'perseverance', 'and', 'determination', ',', 'he', 'transformed', 'his', 'dreams', 'into', 'reality', ',', 'leaving', 'an', 'indelible', 'mark', 'on', 'the', 'world', 'around', 'him', '.', 'Today', ',', 'Vamsi', 'Teja', 'stands', 'as', 'a', 'testament', 'to', 'the', 'power', 'of', 'resilience', ',', 'passion', ',', 'and', 'perseverance', '.', 'His', 'life', 'is', 'a', 'story', 'of', 'triumph', 'over', 'adversity', ',', 'of', 'chasing', 'dreams', 'against', 'all', 'odds', '.', 'And', 'as', 'he', 'continues', 'to', 'chart', 'his', 'course', 'forward', ',', 'one', 'thing', 'remains', 'certain', '–', 'the', 'best', 'is', 'yet', 'to', 'come', '.']\n",
            "\n",
            "Tokenized Sentences:\n",
            "[' \\nVamsi Teja, a young man with a zest for life, embarked on a journey filled with twists and turns, shaping his destiny in unforeseen ways.', 'Born and raised in a small town, he harbored dreams larger than life itself.', 'His childhood was a blend of mischief and curiosity, where every obstacle was an opportunity to learn and grow.', 'As he grew older, Vamsi discovered his passion for technology.', 'With an insatiable hunger for knowledge, he delved deep into the world of computers, spending countless hours experimenting with code and algorithms.', 'Despite facing financial challenges, he remained undeterred, fueled by his determination to succeed.', 'Driven by his ambitions, Vamsi pursued higher education in a prestigious university, where he encountered a diverse range of experiences and personalities.', 'Along the way, he formed lifelong friendships and mentors who would shape his future.', 'Despite the academic rigor, Vamsi excelled, emerging as a top performer in his field.', 'After graduating, Vamsi ventured into the corporate world, where he faced the harsh realities of competition and uncertainty.', 'Yet, his resilience and adaptability became his greatest assets.', 'With each setback, he emerged stronger, leveraging his skills to overcome challenges and seize opportunities.', 'Amidst his professional pursuits, Vamsi found love in the most unexpected places.', \"His relationship blossomed into a source of strength and support, grounding him amidst the chaos of life's uncertainties.\", 'Together, they weathered storms and celebrated victories, weaving a tapestry of shared dreams and aspirations.', \"As the years passed, Vamsi's journey took him to new heights, both personally and professionally.\", 'He found fulfillment in making a difference in the lives of others, whether through his work or acts of kindness.', 'Through perseverance and determination, he transformed his dreams into reality, leaving an indelible mark on the world around him.', 'Today, Vamsi Teja stands as a testament to the power of resilience, passion, and perseverance.', 'His life is a story of triumph over adversity, of chasing dreams against all odds.', 'And as he continues to chart his course forward, one thing remains certain – the best is yet to come.']\n",
            "\n",
            "Stop Words Vectorization:\n",
            "['academic' 'acts' 'adaptability' 'adversity' 'after' 'against'\n",
            " 'algorithms' 'all' 'along' 'ambitions' 'amidst' 'an' 'and' 'around' 'as'\n",
            " 'aspirations' 'assets' 'became' 'best' 'blend' 'blossomed' 'born' 'both'\n",
            " 'by' 'celebrated' 'certain' 'challenges' 'chaos' 'chart' 'chasing'\n",
            " 'childhood' 'code' 'come' 'competition' 'computers' 'continues'\n",
            " 'corporate' 'countless' 'course' 'curiosity' 'deep' 'delved' 'despite'\n",
            " 'destiny' 'determination' 'difference' 'discovered' 'diverse' 'dreams'\n",
            " 'driven' 'each' 'education' 'embarked' 'emerged' 'emerging' 'encountered'\n",
            " 'every' 'excelled' 'experiences' 'experimenting' 'faced' 'facing' 'field'\n",
            " 'filled' 'financial' 'for' 'formed' 'forward' 'found' 'friendships'\n",
            " 'fueled' 'fulfillment' 'future' 'graduating' 'greatest' 'grew'\n",
            " 'grounding' 'grow' 'harbored' 'harsh' 'he' 'heights' 'higher' 'him' 'his'\n",
            " 'hours' 'hunger' 'in' 'indelible' 'insatiable' 'into' 'is' 'itself'\n",
            " 'journey' 'kindness' 'knowledge' 'larger' 'learn' 'leaving' 'leveraging'\n",
            " 'life' 'lifelong' 'lives' 'love' 'making' 'man' 'mark' 'mentors'\n",
            " 'mischief' 'most' 'new' 'obstacle' 'odds' 'of' 'older' 'on' 'one'\n",
            " 'opportunities' 'opportunity' 'or' 'others' 'over' 'overcome' 'passed'\n",
            " 'passion' 'performer' 'perseverance' 'personalities' 'personally'\n",
            " 'places' 'power' 'prestigious' 'professional' 'professionally' 'pursued'\n",
            " 'pursuits' 'raised' 'range' 'realities' 'reality' 'relationship'\n",
            " 'remained' 'remains' 'resilience' 'rigor' 'seize' 'setback' 'shape'\n",
            " 'shaping' 'shared' 'skills' 'small' 'source' 'spending' 'stands' 'storms'\n",
            " 'story' 'strength' 'stronger' 'succeed' 'support' 'tapestry' 'technology'\n",
            " 'teja' 'testament' 'than' 'the' 'they' 'thing' 'through' 'to' 'today'\n",
            " 'together' 'took' 'top' 'town' 'transformed' 'triumph' 'turns' 'twists'\n",
            " 'uncertainties' 'uncertainty' 'undeterred' 'unexpected' 'unforeseen'\n",
            " 'university' 'vamsi' 'ventured' 'victories' 'was' 'way' 'ways'\n",
            " 'weathered' 'weaving' 'where' 'whether' 'who' 'with' 'work' 'world'\n",
            " 'would' 'years' 'yet' 'young' 'zest']\n",
            "\n",
            "Cosine Similarities:\n",
            "[[1.         0.08125425 0.02684357 0.10070844 0.1849819  0.01128087\n",
            "  0.06158444 0.02162594 0.06631976 0.0305238  0.04235677 0.10969556\n",
            "  0.06889033 0.05646535 0.02098674 0.08799928 0.05790001 0.07080841\n",
            "  0.09749865 0.04833269 0.01871516]\n",
            " [0.08125425 1.         0.02423079 0.02782811 0.02822555 0.0226671\n",
            "  0.06376137 0.03636769 0.04162702 0.03351431 0.01911702 0.03541766\n",
            "  0.04324049 0.06266043 0.0787509  0.01450489 0.08442494 0.08079747\n",
            "  0.01607066 0.1020728  0.03147271]\n",
            " [0.02684357 0.02423079 1.         0.01484711 0.07241002 0.04410703\n",
            "  0.08902517 0.03477587 0.01245059 0.08597786 0.0605443  0.06375146\n",
            "  0.01293318 0.07295472 0.06569654 0.05336961 0.04615262 0.0765162\n",
            "  0.08254362 0.05338155 0.08320603]\n",
            " [0.10070844 0.02782811 0.01484711 1.         0.07926756 0.04649625\n",
            "  0.06924591 0.0445677  0.11763899 0.05865052 0.04685487 0.04340347\n",
            "  0.0613191  0.01690375 0.         0.09073435 0.03791461 0.0408107\n",
            "  0.20198003 0.01765425 0.08579074]\n",
            " [0.1849819  0.02822555 0.07241002 0.07926756 1.         0.01683224\n",
            "  0.03990053 0.04314016 0.01732916 0.15071795 0.014196   0.11541902\n",
            "  0.01800084 0.09942604 0.04051494 0.02675545 0.0614883  0.15856774\n",
            "  0.05160238 0.03936841 0.03733363]\n",
            " [0.01128087 0.0226671  0.04410703 0.04649625 0.01683224 1.\n",
            "  0.09470805 0.03630217 0.09655658 0.01998618 0.03816516 0.14634639\n",
            "  0.01630531 0.01376878 0.         0.03832742 0.03088296 0.10217896\n",
            "  0.04246479 0.01438009 0.09837475]\n",
            " [0.06158444 0.06376137 0.08902517 0.06924591 0.03990053 0.09470805\n",
            "  1.         0.0414229  0.07292222 0.11609345 0.0465736  0.04034082\n",
            "  0.07574871 0.06362554 0.04430653 0.03608209 0.11589685 0.037931\n",
            "  0.06399081 0.05475156 0.03584751]\n",
            " [0.02162594 0.03636769 0.03477587 0.0445677  0.04314016 0.03630217\n",
            "  0.0414229  1.         0.03737388 0.07038076 0.05487325 0.04752974\n",
            "  0.03882251 0.04598077 0.02718834 0.03447352 0.04728696 0.0637263\n",
            "  0.03819488 0.01378364 0.06022591]\n",
            " [0.06631976 0.04162702 0.01245059 0.11763899 0.01732916 0.09655658\n",
            "  0.07292222 0.03737388 1.         0.06975976 0.03929187 0.01465279\n",
            "  0.12076969 0.03521139 0.         0.09820945 0.09956052 0.03422331\n",
            "  0.108811   0.01480462 0.07194297]\n",
            " [0.0305238  0.03351431 0.08597786 0.05865052 0.15071795 0.01998618\n",
            "  0.11609345 0.07038076 0.06975976 1.         0.01685598 0.03122868\n",
            "  0.07246367 0.13610476 0.04810643 0.07713546 0.08930708 0.15607374\n",
            "  0.11153534 0.04674508 0.06090773]\n",
            " [0.04235677 0.01911702 0.0605443  0.04685487 0.014196   0.03816516\n",
            "  0.0465736  0.05487325 0.03929187 0.01685598 1.         0.0534398\n",
            "  0.04081483 0.05169822 0.0355009  0.01812133 0.03112115 0.0502475\n",
            "  0.12350305 0.03599569 0.12902849]\n",
            " [0.10969556 0.03541766 0.06375146 0.04340347 0.11541902 0.14634639\n",
            "  0.04034082 0.04752974 0.01465279 0.03122868 0.0534398  1.\n",
            "  0.01522073 0.02570585 0.0264781  0.04929367 0.02882872 0.04352304\n",
            "  0.05461484 0.01342357 0.10363725]\n",
            " [0.06889033 0.04324049 0.01293318 0.0613191  0.01800084 0.01630531\n",
            "  0.07574871 0.03882251 0.12076969 0.07246367 0.04081483 0.01522073\n",
            "  1.         0.11242778 0.         0.05492515 0.17191091 0.03554981\n",
            "  0.06085423 0.01537845 0.03359712]\n",
            " [0.05646535 0.06266043 0.07295472 0.01690375 0.09942604 0.01376878\n",
            "  0.06362554 0.04598077 0.03521139 0.13610476 0.05169822 0.02570585\n",
            "  0.11242778 1.         0.07274819 0.0875054  0.11052562 0.13577864\n",
            "  0.08929692 0.1545719  0.0397919 ]\n",
            " [0.02098674 0.0787509  0.06569654 0.         0.04051494 0.\n",
            "  0.04430653 0.02718834 0.         0.04810643 0.0355009  0.0264781\n",
            "  0.         0.07274819 1.         0.02693602 0.04255949 0.06899673\n",
            "  0.05730054 0.09661371 0.02352888]\n",
            " [0.08799928 0.01450489 0.05336961 0.09073435 0.02675545 0.03832742\n",
            "  0.03608209 0.03447352 0.09820945 0.07713546 0.01812133 0.04929367\n",
            "  0.05492515 0.0875054  0.02693602 1.         0.01752083 0.08504987\n",
            "  0.15592618 0.         0.12994573]\n",
            " [0.05790001 0.08442494 0.04615262 0.03791461 0.0614883  0.03088296\n",
            "  0.11589685 0.04728696 0.09956052 0.08930708 0.03112115 0.02882872\n",
            "  0.17191091 0.11052562 0.04255949 0.01752083 1.         0.0995143\n",
            "  0.06755113 0.09803133 0.04092228]\n",
            " [0.07080841 0.08079747 0.0765162  0.0408107  0.15856774 0.10217896\n",
            "  0.037931   0.0637263  0.03422331 0.15607374 0.0502475  0.04352304\n",
            "  0.03554981 0.13577864 0.06899673 0.08504987 0.0995143  1.\n",
            "  0.10750632 0.05733667 0.05514893]\n",
            " [0.09749865 0.01607066 0.08254362 0.20198003 0.05160238 0.04246479\n",
            "  0.06399081 0.03819488 0.108811   0.11153534 0.12350305 0.05461484\n",
            "  0.06085423 0.08929692 0.05730054 0.15592618 0.06755113 0.10750632\n",
            "  1.         0.05567901 0.14397315]\n",
            " [0.04833269 0.1020728  0.05338155 0.01765425 0.03936841 0.01438009\n",
            "  0.05475156 0.01378364 0.01480462 0.04674508 0.03599569 0.01342357\n",
            "  0.01537845 0.1545719  0.09661371 0.         0.09803133 0.05733667\n",
            "  0.05567901 1.         0.07337539]\n",
            " [0.01871516 0.03147271 0.08320603 0.08579074 0.03733363 0.09837475\n",
            "  0.03584751 0.06022591 0.07194297 0.06090773 0.12902849 0.10363725\n",
            "  0.03359712 0.0397919  0.02352888 0.12994573 0.04092228 0.05514893\n",
            "  0.14397315 0.07337539 1.        ]]\n",
            "\n",
            "Summary:\n",
            "Today, Vamsi Teja stands as a testament to the power of resilience, passion, and perseverance.\n",
            "Through perseverance and determination, he transformed his dreams into reality, leaving an indelible mark on the world around him.\n",
            "\n"
          ]
        }
      ]
    },
    {
      "cell_type": "code",
      "source": [],
      "metadata": {
        "id": "53WgyezG7g2O"
      },
      "execution_count": null,
      "outputs": []
    }
  ]
}